biogrid_id
31676
34272
34518
32973
35097
32996
33049
36917
34955
34460
31837
31683
35594
35002
35929
33666
35703
33683
31921
34967
33438
33249
36052
35159
36116
32341
32422
31151
33246
33293
33451
36498
36520
33747
300661
33892
34045
33926
34169
34210
31219
31401
31414
35146
35579
35526
36342
33400
31499
36736
33591
34366
35223
33346
33376
33647
32382
36630
31666
31489
33686
33333
34441
36036
33515
33414
36788
35950
33172
33407
34698
31667
36524
33533
36484
34156
36759
32115
35407
34601
34746
33634
33727
33705
34404
34326
36297
31275
34634
33659
32011
32345
36925
36895
33080
31052
31697
32437
32526
32173
32487
32853
32489
36303
34381
32333
33338
36516
36277
33610
33744
33992
35829
34512
34724
35591
35308
36005
35302
32421
32139
32192
35104
31977
35687
36601
35266
32355
31307
31195
31619
34140
33525
35078
34241
36756
33347
31784
32825
32821
34120
32291
33205
32159
34361
31466
33496
32962
34508
36458
36634
31965
34651
31160
33200
35489
32148
34650
32265
31610
35644
31217
34074
31691
33425
32205
36269
34364
35051
35686
32628
34718
32416
31745
31065
35305
33150
33129
35256
33693
32681
32547
35973
35545
34394
32751
35559
35418
32008
34914
32225
32176
31950
32765
36000
31693
32658
32728
34118
33439
32931
35841
31620
35480
36352
31396
32829
34001
32660
35988
33512
32982
34930
31630
35861
33822
32027
32929
36440
32018
32183
33639
33903
31990
32897
34199
32949
33728
32157
31798
31348
34125
34956
36070
36521
31446
31730
36921
36202
35877
31182
31724
32859
32835
31579
34278
31900
31376
32899
31937
32870
32641
33295
33066
31750
35095
36193
36870
34212
35391
31389
33121
32353
31387
34134
35522
35236
31545
33050
31734
34640
32280
32854
31916
31209
32652
31992
32207
32807
35606
33448
32857
35254
33997
35419
33752
35688
33403
35708
36598
31793
33952
33000
36348
32972
31771
32768
32650
33453
33505
32942
35695
30927
31998
34454
31122
34635
35762
35715
35079
35075
31791
31759
32806
32071
33847
35691
31335
32903
34158
32336
31159
36882
36766
36541
36866
33110
33415
33002
36176
36673
35805
32710
30953
34252
34242
35468
35119
32967
34333
32700
32811
32712
34963
35574
32940
36099
34400
34692
32720
34866
32202
31800
36771
36827
31035
36604
32092
34576
32117
33237
33632
35681
35819
31742
31973
36354
34931
31562
32818
36226
32842
32992
31436
32002
32051
32675
33056
31756
32049
32948
35345
35741
36897
36421
32946
32091
35556
32659
35648
33473
34312
32152
34556
32760
36454
34711
31737
32831
34179
33160
32674
32052
31838
32795
31174
36136
34952
33717
35221
31790
35101
32764
31812
33755
33320
33157
36273
32927
36671
32918
31417
32136
31788
35383
30991
32676
32598
32662
32867
31857
32130
32651
35633
33370
33235
32352
34709
32294
33334
36350
32851
33131
36032
36599
32781
36218
35488
32247
34574
32643
32826
35810
32817
36692
36924
36841
33033
31970
33115
33825
32793
31447
32956
35316
33204
35412
32610
33820
32464
33178
35511
36523
32617
31187
31152
31210
31914
33991
31829
34419
32536
33676
36865
33928
32215
31476
31850
36087
32871
32221
36826
34992
31333
36811
31985
32017
35818
32692
32007
32144
32242
31139
33681
33316
34555
31129
32529
33136
32983
36241
36698
31757
33524
33361
32783
33139
32895
36258
31786
36075
32869
31278
32364
35801
33224
36257
32843
35045
32218
35200
32772
32820
34051
31981
33619
32819
34592
35735
32861
35981
32827
36835
31024
31480
36238
32761
35484
32828
33262
36678
35831
36423
36439
36346
33156
33730
31601
36729
31747
31739
31732
31776
31769
31792
32665
32647
32635
32805
32874
32913
32921
32933
32981
31047
35629
31962
31826
32248
32488
36738
33770
36402
33694
34038
35464
31238
35107
34067
35779
35700
35871
34560
34741
35452
33535
31825
35980
34767
33738
35734
32763
32251
31108
34487
32960
36631
36877
35491
35712
32322
33163
32149
34444
30987
34665
35171
31198
33169
36003
33595
33971
32813
35110
33616
35730
31853
32573
33955
32030
35710
35791
35231
33090
32185
35527
33931
32616
36155
33844
33628
32677
31557
33325
34705
35652
34167
36033
36568
32449
30988
30944
33299
34860
32492
32532
33287
33079
32366
30980
33832
36540
33665
35528
35292
31559
32969
33039
33807
31529
31484
31166
33530
31729
33714
31901
32756
35926
32041
36147
35377
31571
31265
34622
34623
34303
34488
36106
33763
32914
32131
32661
33977
34897
35279
35725
32974
31930
31057
35989
36278
34308
36192
31241
32385
35668
35953
32540
36932
35281
31132
36338
34944
35608
33476
36019
33135
35193
34568
36857
35268
36794
36174
32900
34349
35322
32170
36548
34085
32892
31370
33609
32649
36754
35109
33241
32456
34520
31060
31642
34479
35844
34985
36270
32459
34031
36616
31855
34586
33513
36413
31505
36586
36869
35595
36777
36287
36819
33716
33587
31113
35724
35765
35413
36246
31502
35672
33189
32920
34110
35718
36194
31138
32800
36055
35048
32971
35234
31602
35269
34247
35140
34408
31064
34021
36744
36066
32230
31114
33793
33149
31946
34025
33933
36633
35102
31111
32048
36129
36926
31687
31660
31516
31384
31369
35041
32534
32457
32270
36517
32787
32277
35795
33603
34607
36046
33311
31168
36891
31456
34850
35675
33048
34661
34736
33667
36228
36461
32187
35053
33096
35589
32428
34620
35089
31885
31852
31999
34121
36042
34929
34357
31749
35379
35471
31614
34863
32514
31961
33594
31293
31801
31063
32836
34878
35656
31987
35376
32016
32200
36507
36552
35927
36152
34845
36622
35208
32369
36800
36737
35547
35425
33043
33575
34285
34913
34249
34738
32196
31233
36553
31927
34293
33806
36914
34287
35025
35755
35532
32272
33776
32672
36600
36030
31279
32794
33161
36261
33950
32197
31832
32323
32392
36620
32184
36846
32310
36930
33212
34849
36195
31053
33503
32561
31240
33335
35153
34429
31887
32447
34996
32298
35771
32358
34315
35517
32396
35907
35137
33788
31907
31554
31891
34301
36013
36441
32477
36034
33242
31515
33510
36043
31846
32786
33866
30992
32079
33819
32038
35731
34926
32542
31531
35314
31290
33075
30970
35650
31584
34054
33297
36862
36750
35803
36050
34339
36603
31692
32279
31751
33773
33687
33818
35699
31701
35835
34186
32550
35092
35293
33650
34398
36538
33120
36708
31177
32625
34139
32066
32153
32194
32213
32252
36555
31088
33186
33025
34108
31635
34268
33859
35336
33059
31682
33484
31587
33941
34340
33897
35204
31469
35414
35581
31592
34984
35474
36605
34513
31526
33578
33858
34131
34124
34523
33306
32468
35483
34427
35267
34245
36357
36404
32435
32163
36197
36022
31583
31696
33099
31512
35315
30983
33352
31908
31725
34691
31688
36489
35023
35525
33360
31903
36253
36131
34842
32256
34575
31649
32875
33881
35228
32287
33517
32655
36561
34758
35433
35049
35164
33620
30943
34342
36121
32166
34580
33830
35083
33646
34598
36804
34428
34392
33064
33103
32368
36513
31225
36933
34619
30931
32067
36592
32178
36871
35719
33918
32554
32495
33302
33100
31002
36222
33890
35288
35626
36141
34314
33994
33257
31909
33406
31731
35138
31150
33038
36009
32054
34332
36851
31599
33364
34658
33118
31936
34978
33492
35306
35445
35856
34747
33756
35494
36757
32932
36834
34733
34751
36915
34522
31345
36395
34605
31911
33067
36875
31532
36848
32673
33734
35448
31009
33466
33078
33010
35255
35550
32132
31833
35603
33481
35270
35271
31087
31964
34168
35813
36401
32271
32361
31355
32344
36617
31623
36519
33841
31570
32475
35154
36224
34103
33392
35971
31224
32129
32525
34511
31995
36893
32257
35837
33044
35910
36492
34528
33606
31675
34296
35010
31809
32707
32753
32779
32841
32923
32939
32965
30963
30960
30982
31058
32042
31996
31971
31952
31949
31929
31915
31843
31872
31866
32064
32076
32081
32105
32116
32118
32125
32126
32140
32171
32188
32232
32268
32305
32332
32384
32404
32413
32461
31200
31201
31205
33196
33154
33092
33009
32998
33254
33260
33266
33303
33312
33368
33402
33501
33528
33541
36420
36405
36379
36470
36518
36544
36638
34979
34927
34918
34886
34859
34841
33707
33644
33600
33777
33828
34043
34019
34144
34154
34191
34214
34227
34235
31266
31258
31254
31289
31321
31339
31483
31580
31608
31628
31651
35115
35098
35090
35085
35197
35243
35253
35278
35388
35447
35492
35501
35618
35830
35853
35894
34331
34289
34533
34610
35745
35737
35733
34614
34653
36158
36071
35991
35963
35952
36271
35705
36319
32055
36445
35422
32503
36987
35016
34081
34477
35549
34109
32620
36267
35346
31398
35070
36907
33365
33240
33036
35783
35773
33868
31643
36095
36079
36621
36313
31913
33063
34162
31016
34879
32363
35976
36299
32504
33404
35614
34114
34848
33158
36088
35878
31282
32040
31032
33294
33101
33319
33548
33308
31910
30971
32199
33181
36166
35175
35405
34329
32391
32926
35401
34034
35050
35128
34044
35569
31021
33569
33472
36699
33341
34625
33680
32078
32970
34082
33555
32160
34966
33675
34020
36430
34438
35945
32738
35368
31453
35721
36302
32141
33250
36353
34544
33088
31107
36532
32229
35680
35081
33478
32908
33431
35658
33074
34119
34006
36212
35205
34865
33585
33340
31912
34988
31366
34323
33920
36838
34851
34230
35064
32297
34596
36749
35605
35876
36901
33497
32608
33440
33742
33846
35454
36334
31493
33817
34862
31194
31575
34032
32107
34455
30926
35567
33138
31542
36227
33798
35540
36288
33419
33307
34812
33001
36159
31640
36625
33750
33724
32816
32106
34447
36578
33689
32177
31273
33037
36142
34541
31017
31632
35739
34997
34987
34435
34704
32742
34755
32168
32432
32682
32877
34573
34353
32061
35761
33062
35923
32559
32752
34163
32347
36351
32711
32691
34440
31938
34920
33213
36240
32834
33601
32999
32276
31003
33026
36582
35748
33726
33797
36310
35944
33490
31954
33823
35476
36531
33164
35328
33729
36697
32374
34395
36242
36341
36490
32890
36014
33144
34843
31245
32804
33579
36130
34885
32028
35402
35209
35187
32330
33936
31141
35285
34643
33233
30932
31467
34273
36245
35649
35588
32098
32769
31280
32886
32203
34496
34502
33925
31247
34483
36918
34921
34940
36496
36898
31232
35435
32321
35198
31994
35573
35577
33762
33794
34603
31042
36085
31306
35620
33786
31593
36591
34612
34667
30955
33432
34422
33108
36188
32208
34723
34399
36268
36359
36494
33436
34011
32686
32143
31018
33027
35441
35304
34608
32646
32235
36832
34712
33006
32648
32549
34882
36229
33253
31736
36210
35930
31300
35375
34534
31503
33668
32469
31657
34475
36640
35661
35596
32541
32855
33151
31404
31186
32128
34678
36397
36751
31780
36606
35701
34269
32454
31330
36137
33615
35842
35361
31629
32142
34448
31120
36419
30951
33956
31905
32138
31283
32663
31320
32441
35925
36856
33377
31752
36431
32797
34685
33700
33107
32521
34385
33324
35696
35381
36300
34023
35539
31318
32451
34122
34474
32523
34606
36157
36511
33315
32381
31645
30925
31984
35409
36135
31655
31859
34659
34091
36175
30973
33701
34468
34152
32077
35636
32383
32266
35576
33424
34226
34463
36525
34756
32110
35535
35170
33951
36855
35264
31653
36547
32747
31143
36739
35908
31351
32832
34647
31248
31582
32630
31471
34065
33159
35040
33081
31972
36029
35726
31191
32191
33301
32234
31043
32484
32412
34111
31452
35780
33982
31522
33058
35915
35487
33176
35326
34058
35706
34500
31879
33013
35150
35325
36904
34644
31281
34016
32269
36207
34535
36291
31615
33288
32219
35957
33227
36001
35455
31181
31353
31099
34386
35410
36723
33222
32414
36776
34754
34024
32179
34687
36196
31810
36740
34876
35548
33195
33153
36813
35126
32210
35967
34714
31536
36863
34369
34232
34505
31710
33753
34193
34097
31215
36214
35163
36206
34146
35541
36123
32860
35575
34972
33854
33344
36905
34041
31884
34469
35850
35568
36263
35046
37091
31288
31208
34553
34117
34075
31876
33739
35117
34022
34743
35216
31956
31960
32727
33860
31400
35785
34833
35358
32928
35157
33671
31636
36493
31839
31115
31462
32735
32224
33803
33230
35024
33175
35874
34552
34359
36403
31461
36594
33491
33051
32026
34873
34493
34547
34917
31439
32217
34924
34126
34887
33629
35530
34430
33199
33437
35609
33091
33485
31109
34654
31117
35855
36096
31352
35909
32226
32864
31746
33662
34957
32637
35662
32619
34217
35836
34697
33388
30969
31118
35459
33076
32304
32726
35611
34090
34084
33839
34283
36169
34165
36892
35647
33305
35397
32418
32723
36762
33631
36105
33784
32362
32245
33130
33073
35350
33848
35921
33682
36331
36590
31871
35210
35192
31458
33775
35720
31595
31309
33127
33758
34053
31716
35974
32694
34549
31341
35870
33475
34270
32295
35622
36068
36584
32868
32531
34517
35615
32953
33275
32530
31733
32656
33383
36745
36716
36840
33554
35310
34094
36092
33733
33617
34618
32100
34682
36755
32485
31110
34649
36462
31558
31794
31378
34437
32481
32880
33124
36057
31578
31391
34943
31574
34506
32511
35056
36717
34412
32190
31012
33248
35007
36735
33046
35017
34591
31539
35759
30946
33430
31652
32606
36102
34311
33083
36391
35211
36859
35544
34288
32597
33474
36583
34499
31036
30956
31594
33386
36764
36026
33887
35029
31256
34018
35215
35044
34334
31777
36016
31449
31658
31409
32035
33785
32174
31069
31022
33470
35438
35645
35738
35000
31883
36184
36852
31226
32320
35796
36200
34320
36225
32679
34005
36065
35222
34750
34994
35601
35717
36365
34403
31902
31474
34129
33238
34424
32627
30954
30977
33652
33891
34171
36693
33831
33089
35799
31149
36134
33343
31533
36061
31621
34748
32000
35406
31943
35832
35613
32782
36044
32522
32954
32420
33145
30941
31388
34057
36709
31966
31743
34707
33899
34076
34213
31585
34832
32624
35797
36385
32074
35787
34531
33322
35182
31349
32058
35821
32455
36505
31374
36629
36726
31419
35446
35736
34664
36114
36097
31299
34166
32538
32124
31382
36471
35806
34572
31785
31787
33761
36577
31271
33380
31416
34716
31689
36230
32376
34753
34464
35012
32968
33767
35112
32243
34215
32186
36702
34106
31513
34290
34248
35857
35038
36262
35972
35864
36695
36500
33827
31789
35512
34358
32434
33187
33983
32282
35004
33193
35001
36707
36853
35396
32467
33418
36731
32296
35073
35076
33664
31407
36551
34133
31888
36360
36133
36028
34221
34481
34453
35481
34710
36285
33549
34990
36611
34558
34190
33961
32776
32482
33567
32498
33102
36031
34839
35067
34715
36712
33837
35690
32415
36780
35161
34689
32135
33384
36321
31920
36567
32342
36274
35456
32699
33128
36091
34494
32879
35728
36100
32887
31014
33572
32698
36628
35924
31717
36664
33434
31715
33331
34185
31863
33960
31460
34593
35744
34853
35301
32438
33641
33642
31963
32338
36686
36668
33378
33838
31359
31521
35240
32044
31184
32812
31157
34321
36705
32289
35043
300369
36501
36728
34922
36868
36669
36535
32745
31517
33708
31175
35508
34096
36090
35364
32775
31131
32571
33179
34869
35287
36514
32057
33382
35230
34583
32450
31708
31475
35066
32253
31680
30922
32436
35059
32350
35524
35825
33657
33256
30972
31301
34639
35580
31507
30923
36711
35914
35370
36684
31037
36465
35621
31957
32377
33998
32470
32814
34306
36703
31490
33519
33953
32724
36666
31397
34519
36153
35879
32039
33486
33989
31272
33460
36181
33278
35865
32255
36768
34052
33428
35380
31331
36434
32284
33348
35382
36361
31699
36217
35970
33427
36873
33978
35627
36037
34852
35630
34599
33845
33627
36753
34731
33462
35996
36815
31048
33725
36104
36008
35342
35529
31881
34515
35394
34391
35244
32496
31941
36349
36429
34783
35777
33696
30949
32133
36060
36251
33923
32206
32907
31845
35442
33034
35013
36455
31604
34079
36473
35513
34790
32386
31828
33574
35928
31755
31740
31819
32633
32618
32600
32702
32732
32755
32766
32770
32788
32801
32839
32847
32848
32849
32858
32873
32885
32891
32894
32909
32912
32915
32924
32944
32963
32975
30968
30967
30952
31013
31025
31029
31046
31049
31051
31054
31059
31062
32047
32036
32025
32022
32015
32006
32005
32003
31983
31968
31959
31947
31922
31918
31862
31870
32059
32072
32099
32103
32169
32193
32195
32201
32216
32227
32267
32273
32285
32286
32299
32301
32326
32351
32367
32379
32387
32394
32410
32411
32417
32431
32446
32458
32465
32508
32516
32517
32527
32537
32552
32553
32566
32568
32570
32582
36730
36719
36715
36706
36689
36685
36674
36765
36770
36784
36787
36789
36812
36814
36823
36830
36833
36836
36837
36844
36861
36888
36896
36927
31147
31140
31133
31123
31103
31165
31167
31170
31172
31178
31185
31206
31207
33232
33226
33208
33203
33198
33190
33180
33142
33141
33140
33126
33119
33097
33087
33060
33053
33012
33005
33247
33282
33314
33317
33326
33328
33372
33408
33417
33422
33457
33459
33489
33499
33502
33504
33527
33536
36418
36393
36390
36388
36474
36530
36537
36554
36557
36560
36563
36571
36580
36595
36618
36627
36632
36635
34973
34971
34968
34954
34947
34945
34939
34935
34923
34916
34901
34899
34895
34894
34893
34891
34888
34883
34864
34856
34854
34844
34836
34831
34830
33735
33704
33690
33685
33672
33654
33649
33614
33612
33605
33581
33564
33768
33789
33792
33800
33816
33824
33826
33843
33849
33865
33870
33875
33896
34128
34086
34077
34072
34063
34056
34040
34036
34030
34013
34012
34010
34007
33986
33980
33979
33974
33966
33965
33937
33930
33919
33917
34135
34141
34143
34157
34160
34174
34180
34202
34203
34209
34223
34229
31249
31231
31221
31285
31296
31302
31315
31327
31343
31363
31412
31413
31415
31422
31423
31442
31450
31451
31457
31464
31468
31478
31485
31488
31501
31506
31537
31543
31546
31552
31560
31563
31569
31588
31597
31600
31616
31618
31625
31631
31633
31634
31641
31644
31646
31659
31664
31665
31714
35158
35152
35144
35136
35122
35111
35052
35042
35074
35179
35185
35190
35191
35199
35203
35217
35242
35246
35247
35250
35261
35284
35286
35300
35312
35317
35320
35347
35351
35366
35371
35378
35392
35415
35436
35437
35477
35490
35820
35802
35775
35772
35763
35756
35752
35751
35750
35732
35692
35689
35678
35676
35674
35667
35664
35660
35654
35616
35612
35610
35604
35592
35587
35584
35583
35578
35566
35560
35543
35531
35516
35839
35849
35859
35862
35872
34387
34376
34372
34367
34352
34344
34337
34305
34304
34291
34258
34410
34449
34451
34456
34480
34489
34495
34504
34536
34554
34564
34566
34567
34584
34594
34602
34604
34633
34642
34676
34694
34717
34732
34744
34757
36173
36168
36165
36161
36150
36146
36139
36113
36076
36059
36048
36041
36039
36023
36006
36002
35993
35985
35983
35978
35977
35968
35959
35958
35931
35918
35916
36186
36221
36234
36235
36237
36247
36281
36335
36337
36344
36362
32803
32866
32911
30939
30981
31041
31055
31975
31951
31897
31877
31875
31873
32102
32180
32220
32403
32581
36683
36675
36805
33229
33007
33276
33290
33323
33429
33455
36409
36398
36502
36570
34951
34999
35026
33737
33691
33597
33582
33765
33815
33851
33853
33877
33911
34123
31323
31332
31346
31356
31358
31362
31577
31686
35106
35037
35201
35249
35273
35289
35329
35348
35502
35804
35713
35600
35551
34336
34275
34271
34414
34452
34484
34529
34628
34630
34688
34693
34708
34725
34737
34745
34749
36125
35965
35920
36283
36301
36309
36356
32090
31102
33467
36412
34102
31235
31214
31379
34281
35087
33531
35069
33483
35875
36448
34325
31707
32961
35439
32740
32902
31361
31705
36132
33645
35624
34669
36460
33082
36279
31993
36017
34898
35947
34088
32037
35766
33703
31894
36849
34093
36117
32096
36164
33123
32240
36392
32212
34908
36098
32809
31685
31899
31694
33954
31898
33833
36424
31028
32348
35641
35590
31408
31128
33446
36363
32995
31779
33656
36347
32490
33550
35275
35747
35913
36642
34597
33244
32402
36154
35966
33658
36170
33718
34251
32123
32792
36612
31124
34582
31443
32024
36053
31067
35975
35099
34656
36931
35036
35760
36562
34981
31753
33177
33228
36588
35134
33072
36007
35340
35704
31121
35233
31105
36248
35251
33697
34626
34624
31831
36867
33188
33967
32520
111837
31924
115580
32380
111516
35546
34401
566604
30940
36201
36566
34373
33970
36293
34472
32898
33396
34969
32773
33201
33327
36614
114901
31098
32693
35478
36422
36311
34742
35174
31040
32150
36919
31097
31622
32151
31544
36056
33993
34959
32114
31242
31773
33162
31638
36389
35653
33518
33551
32471
35156
34780
31498
34436
34989
35296
32642
36425
36049
35515
33741
33791
35028
34164
36151
34562
32664
32632
32837
32934
32941
30964
31019
31942
32070
32083
32302
32306
32309
32313
32378
32501
32588
36714
36688
36682
36667
36663
36773
36845
36872
31156
33206
33098
33068
33310
33367
33442
33449
33498
36436
36456
36508
36546
34937
34900
35008
33607
33563
33764
33766
33810
33812
34089
34083
34231
31304
31324
31381
31394
31535
31704
31711
35155
35127
35080
35496
35677
35670
35510
35507
34244
34439
34458
34507
34551
34563
34565
34671
34672
34690
34761
34766
36109
36103
36093
36086
36024
36243
36254
36272
36316
31202
35642
35593
32158
36894
34613
33608
36922
35946
32706
32519
32483
31955
36781
31470
32546
36639
31270
36292
30996
34050
35319
31978
33359
34835
33355
34910
32638
114687
113188
36213
31204
32636
33041
32325
33985
33444
35683
31860
35011
35469
31295
35188
33878
36239
34492
34611
33521
31292
108918
112734
31298
36219
35990
34246
112610
112324
32211
31690
33583
34071
33273
34197
35824
111823
111497
35141
34465
35003
33337
33660
24567
34919
108123
31758
31775
32688
32678
32670
32668
32654
32601
32703
32705
32719
32737
32744
32754
32771
32810
32833
32876
32884
32910
32919
32922
32936
32938
32951
32952
32977
36993
30962
30958
30930
31004
31023
31045
31050
31066
32034
32023
32021
31976
31940
31931
31926
31856
31849
31848
31842
31830
31824
31822
31864
32062
32089
32094
32162
32175
32204
32241
32278
32337
32349
32357
32388
32407
32409
32440
32472
32480
32548
36690
36660
36732
36778
36796
36798
36858
36910
36923
31125
31106
31100
31085
31199
33243
33239
33234
33223
33220
33217
33192
33191
33173
33111
33028
33023
33016
33252
33255
33272
33300
33309
33339
33349
33381
33385
33405
37002
33435
33508
33520
33534
36414
36407
36377
36428
36435
36477
36491
36495
36506
36528
36529
36543
36549
36556
36569
36608
34983
34962
34884
34870
34867
33674
33637
33626
33571
33787
33802
33864
33873
33874
33888
34087
34015
33996
33987
33972
34189
34198
34211
34219
34220
34228
31239
31222
31253
31383
31481
31509
31525
31541
31589
31612
31656
31672
31679
35151
35135
35108
35055
35186
35245
35280
35297
35399
35428
35434
35451
35472
35479
35823
35697
35572
35558
35891
34443
34486
34498
34542
34561
34662
34703
36171
36167
36122
36094
36064
36062
36054
35964
35917
35948
36280
36307
106880
111553
41564
33995
32104
33342
207969
31229
108403
35685
6788
32535
250484
34524
36110
36296
107841
31319
36233
33895
31130
34540
36216
32704
31613
35020
35498
35062
37060
32043
115675
114939
109224
34793
31754
31782
31781
31774
31806
31807
32701
32631
32612
32602
32722
32731
32743
32815
32824
32852
32862
32937
32947
32957
30950
31001
31006
31031
31044
31056
31077
32014
32001
31989
31988
31945
31928
31917
31906
32165
32172
32274
32290
32293
32356
32433
32460
32476
32497
32528
32563
32569
32580
36710
36687
36676
36659
36741
36747
36758
36791
36797
36847
36880
36899
36936
36938
33221
33211
33210
33182
33146
33032
33268
33283
33330
33397
33456
33458
33514
36384
36453
36457
36510
36539
36545
36573
36645
34970
34907
34840
35009
35027
37009
33673
33635
33622
33613
33577
33759
33769
33790
33796
33814
33829
33857
34112
34101
34092
34070
34061
34035
34004
33969
33929
33947
34175
31237
31269
31305
31312
31386
31428
31444
31448
31486
31494
31511
31561
31648
31698
35132
35058
35094
35196
35235
35262
35298
35411
35798
35784
35782
35714
35679
35651
35631
35619
35617
35564
35523
35851
35854
35890
35893
35901
34313
34274
34431
34589
34617
34648
34670
34675
34759
36144
36127
36080
36073
36010
35935
36256
36320
36325
37065
118872
31695
9743
246578
34297
35984
32667
115816
115815
33215
35597
114374
31795
31799
31882
34363
32729
33748
33445
35354
31459
32308
32395
31639
32505
36704
33055
36876
33183
32556
36602
31095
33893
33174
31223
34993
36045
31465
31477
36209
36336
36515
35241
36607
36637
34949
35030
35143
33861
34099
34073
36077
35343
34187
31218
35167
35120
35096
35047
36018
35357
35421
35465
34378
34345
34322
34267
34740
36115
35986
36203
36259
33821
12624
17518
36340
6592
7895
34858
35754
34433
32622
34595
36199
31137
33042
34148
32246
107536
36399
33592
34846
24855
24925
35707
33045
34778
34279
35812
111684
33889
33493
32513
32533
31347
34330
107836
33778
116127
32988
112165
36383
33669
36172
34161
32623
109834
30929
36128
35068
31607
32629
31706
34802
30998
34811
31606
32785
32113
33265
33274
34974
34982
33643
33712
33719
33811
34170
31411
31596
35274
35767
34526
34804
34806
32145
36911
33655
34159
31385
34411
33416
33984
36722
33197
33369
35417
35071
33711
32784
32112
33720
34047
33801
35788
107028
36011
35390
35770
36790
37086
110438
32065
676671
34317
31567
31527
34196
33566
117071
31402
32872
32680
33132
34482
31586
35291
33216
32717
126272
36497
31061
36160
37058
32426
31854
31925
33423
35562
31440
119231
112296
36467
19753
106870
37084
32639
34000
31980
31933
32443
32718
31020
35561
36624
30959
32101
32560
33542
33964
31255
34382
35939
31744
31803
32881
32984
32986
32991
30945
30933
30920
30985
30989
30990
31007
31011
31038
31071
31967
31935
31847
31840
31836
31867
32093
32329
32360
32399
32401
32445
32473
32510
36727
36713
36774
36802
31142
33225
33264
33469
33477
33511
33539
36406
36382
36427
36482
36512
36536
36575
34942
34905
34871
37089
35019
33743
33695
33648
33568
33545
33562
33560
33771
33880
33914
33915
34069
33990
33934
33948
33946
33945
33944
34237
31246
31230
31267
31277
31308
31482
31508
35082
35263
35294
35393
35453
35458
35776
35740
35722
35702
35639
35602
35565
35519
35828
35838
35881
35882
35886
35896
34370
34243
34262
34446
34470
34490
34699
36021
35994
35949
36180
36198
36250
36295
36323
36364
36366
36368
36371
36380
34674
34068
34138
32883
29443
23500
113323
32690
34153
36920
35093
33353
34132
33900
31982
32799
34948
33922
32730
36072
36282
36807
124039
116425
119234
34319
36118
35598
32063
36550
35105
33916
300958
31939
34516
278220
35873
31463
31441
34080
34049
32989
34772
35166
32444
31738
35276
33938
35800
32666
35753
34116
32303
33901
36038
107842
32346
33167
31565
36928
34042
30938
32307
32802
33894
34238
32599
34631
34459
31406
276571
32822
34792
125213
35534
112221
31673
35493
34178
34637
35324
32328
38331
41230
32645
31796
33318
32976
33047
33879
34362
1258646
34374
34570
1258592
32512
113010
36828
35467
34416
30928
31161
35723
33487
32959
249725
246798
35113
33296
32925
112497
35607
1258688
1172319
111507
34194
111824
32585
36162
35635
107420
33040
34407
32231
34928
31726
31895
33927
32134
36799
35843
33065
34316
1243595
36641
34280
35139
39686
35148
120642
31211
107767
34719
31772
33390
115791
119670
34855
34149
36596
33170
33166
36983
35637
36522
113269
36626
159584
112506
36369
113177
116660
110912
113170
29522
1582
119007
31104
31681
32365
33975
36734
36260
32893
32904
32916
31026
31969
31834
31823
32108
32258
32283
32430
32466
32575
36677
36670
36654
36746
36792
36909
31154
33165
33125
33259
33395
33480
33509
36396
36387
36426
36468
36534
34977
34915
34847
34838
35015
33593
33557
33547
33772
33850
33882
34055
34046
34002
33940
34150
34151
34236
31236
31257
31274
31338
31340
31357
31377
31403
31410
31605
31611
31617
31650
31654
31661
35169
35147
35063
35039
35084
35258
35299
35385
35386
35416
35420
35486
35817
35673
35643
35582
35518
35889
35900
34356
34341
34327
34425
34543
34559
34632
34636
34646
34655
34713
35942
36264
36308
36322
36355
114032
35349
31932
32238
32281
32389
32518
36782
31101
33171
33109
33304
33393
36416
36438
36593
37035
34872
33706
33902
34059
34029
34003
31479
31712
35229
34720
34729
35969
36284
1205542
115745
34328
34432
35238
34877
112615
111975
31878
31089
31519
32739
32838
34779
35659
207980
36973
31510
34550
36889
32390
31703
35537
35834
117540
34958
115015
31550
1974838
115171
110040
31405
200449
109547
116748
111095
112156
36408
36025
211995
113141
110924
124938
125062
108286
109768
35339
32748
32544
113348
35665
35716
115301
35426
108201
32777
1220776
36410
34909
34309
120146
111522
35470
109002
32683
116915
212629
278725
32161
34234
33959
32733
30934
119697
110433
34420
33106
35941
31337
32254
109314
110115
118869
107843
34462
35982
113258
34497
32896
32343
34208
34501
108099
119489
246812
114551
36466
31958
33884
32966
34722
31491
33988
33336
35372
34938
119978
113182
113172
110811
111551
111558
36483
128213
852832
33842
33008
112768
278506
113647
33588
107140
34277
31727
158370
113169
204416
116183
205030
34218
33630
113165
120529
106327
98593
114553
115436
113164
120102
113162
34521
31244
33532
1205881
34033
122048
120500
118793
109540
36890
1258620
1258643
112241
33584
31455
32551
34663
98723
32578
201666
34681
297868
110035
114392
112347
32119
124364
34338
31153
247665
36854
300332
33506
31556
36345
32736
116581
34201
110339
277146
202192
2558
278360
31243
31741
32823
35424
111556
276854
121651
36752
34039
1258656
32033
33494
111040
32439
32562
109272
34207
31368
111260
31518
1258591
31336
35911
32275
120986
35363
31234
34950
31538
36945
36724
30974
35860
32479
531941
33450
36163
34734
33185
32626
36449
32398
35998
36314
30924
32209
33289
24558
114019
33420
110759
31196
110874
32146
34155
112530
1258644
35189
31437
34222
31813
32964
99434
127352
1218871
1222376
32400
36208
198751
113123
114646
32182
200653
33962
35172
32327
109881
109896
36459
37053
1224902
109146
35749
34476
107333
34683
34991
33143
36572
35682
32249
31096
36488
34263
33907
34696
32375
34216
34881
33537
33263
32334
33104
36317
32189
31390
33468
34828
33949
36864
33105
35362
31078
34641
36937
34346
35995
35457
32830
33526
35035
33077
31008
34817
32288
1258609
4349337
36276
35006
33604
33651
34621
111831
33148
114955
33754
109558
113761
36850
33030
36587
35669
33589
1227914
1226920
35845
36081
31624
34182
159585
33804
109928
34995
31190
35951
34739
36472
113293
33625
32689
107454
32584
31314
35709
31086
111596
120104
34652
34906
132922
36906
120815
110446
36220
31986
32888
32611
32789
34127
36040
31979
34409
33147
111564
33117
34379
277104
35542
36318
851614
112930
114947
113368
117003
1221369
35395
34048
31342
120464
34130
36063
35466
33968
35623
33122
32545
35866
33981
35145
32524
531945
34548
35318
31609
36437
36817
31303
117961
1205537
277503
128825
113751
31700
34752
33573
32056
33209
33921
35746
33421
121119
30966
30935
34009
122921
34629
36767
36082
108447
31997
34014
124082
66033
120346
35482
32095
116835
31328
1078961
31890
136426
33556
4383848
31923
33677
31991
31360
30948
31311
35118
34668
35022
122828
31576
116527
112676
30995
31176
36444
32236
278406
31015
113649
33464
34205
34510
31709
34104
33267
32798
33836
35060
36929
32613
32671
36581
36822
36679
31844
36266
35847
34546
35160
33999
33661
32687
32607
31326
31770
31778
35367
31783
32069
33112
33495
36101
31663
31528
31112
33279
32958
32214
34706
35338
32657
36358
36298
36231
36223
36183
36191
36178
35940
35992
35999
36020
36015
36074
36083
36107
36111
36112
36148
34700
34680
34627
34577
34557
34525
34509
34503
34299
34473
34461
34442
34276
34240
34239
34250
34302
34310
34335
34351
34354
34397
35869
36236
35868
35514
35563
35711
35729
35757
35764
35778
35822
35475
36149
35462
35430
35432
35979
35408
35403
35373
35374
35352
35353
35337
35272
35239
35088
35356
35061
35116
35133
35142
35149
31662
35846
31627
31564
31553
31547
31548
31534
31520
31392
31380
31364
31325
31291
31261
36333
35404
34225
34195
34183
34173
34145
33943
33935
33976
34078
34105
34115
34113
33904
33872
33867
33611
33633
33678
33715
34868
34953
36651
36636
36623
34933
36574
36564
36499
36487
36485
36469
36451
36447
36433
36386
34735
33447
35628
33374
33363
33345
33329
33398
33251
33245
33070
33069
33085
33113
34980
35461
33168
35657
33516
33461
33219
31197
31189
31367
34426
33684
36916
35387
36803
36772
36742
36658
34837
33576
36700
36720
36597
33886
32586
32579
32577
32576
33963
32502
32493
35180
32429
32427
32405
32354
33692
34491
32259
32237
32223
35131
33782
32696
31418
32147
32137
32120
32060
36733
32856
31841
31893
36810
31944
35698
32010
32012
32029
34679
32122
31034
32109
32567
32507
30957
32985
32994
35848
32955
32950
36816
36779
32863
32850
32980
36825
32844
32840
33373
32053
36211
35444
32198
33883
32796
32082
32311
32780
32791
33277
32762
32750
32943
34324
35863
35533
35742
35333
32228
32013
34782
32845
32614
33774
32634
31375
32621
35473
35536
35103
31677
31647
34188
33621
36565
32644
34660
34880
31892
34260
35811
34107
33699
34384
31276
121281
115863
531942
33653
120830
37008
35323
624549
33231
32790
35232
35321
32609
33688
36339
32979
117950
200452
33855
35177
35586
30993
33540
34600
36479
31454
35495
35359
36650
35646
33740
31670
34819
35429
32653
34769
36885
35499
36464
34579
33529
36012
36143
31033
34760
33463
31116
35954
31334
36478
32721
31555
35833
36912
31445
32250
34936
31421
33670
36509
31030
36476
31365
34785
32669
36290
32882
34300
31094
30942
33358
33134
36067
35884
35330
33543
36665
34421
34343
33780
33781
31354
32767
35786
31974
36475
34434
33713
300953
33401
35506
300347
31213
32978
35389
31263
31549
36533
34702
32741
35497
35895
33939
34365
36526
33913
35034
31722
31027
36190
33698
33362
32945
31817
35956
35226
36824
31146
36463
34824
31371
34062
31188
31393
36249
31091
32075
35014
34530
35207
36503
31735
32930
36763
31395
34255
34961
31082
33618
31079
34823
35774
31851
33862
36903
33261
30947
32590
31886
31858
33500
36860
36842
32506
34393
35885
35922
36934
35758
31934
33313
34200
34638
34861
35858
31768
35961
33908
34796
31074
35178
36643
31487
31816
31136
33184
31264
31702
35632
30937
36609
300773
35897
34587
31135
30919
33590
33482
34192
34532
36089
35313
35898
31865
31868
35100
35277
31344
32935
31581
36084
33808
35504
35912
33003
33280
36375
32708
36818
32486
32050
34224
35327
31212
35311
36806
34762
32442
34396
33757
32749
35888
33709
35369
32509
33624
36801
34892
35021
32640
36417
35206
35213
34795
34266
34925
35655
35194
32068
32593
35585
31297
36589
33636
32878
31093
32474
33909
35365
36785
34095
36486
34264
31815
36661
34450
32319
32340
36615
31075
31762
30975
35807
35960
34825
33760
36252
31260
34147
35816
36672
35065
31603
32111
35449
32233
31220
32127
32695
35218
35553
35554
35219
32314
33412
33779
34298
35130
31523
31496
31430
33410
32261
32084
35225
35769
35693
35905
33552
31669
35962
35400
35936
33286
36649
36326
35663
33031
32085
33269
32587
31148
34177
36329
36305
35124
36769
35768
35904
31668
35793
36232
35057
33885
36994
33071
31572
36027
33898
33546
35440
31072
36378
36839
34946
35919
36138
35599
35460
33116
34406
31073
31322
31718
35086
31216
35257
31005
34445
33871
31761
34350
34875
32244
35933
33452
33834
31723
32574
32774
36058
35360
33086
36124
34467
34405
31728
31869
36108
34265
32167
35794
35815
35743
32097
36373
34294
35934
35625
107529
34371
114417
107331
37085
37027
34645
122538
32425
32758
31827
36610
33394
33357
32555
31427
35202
35867
34026
33029
33852
32539
31874
31192
100414
97224
106835
36527
31896
33379
36126
35640
33523
36874
36940
35906
109324
120855
277692
35173
33602
117172
24792
35997
31811
33586
33281
35505
34684
33017
33538
31350
35852
31504
31294
36051
33840
34773
31433
35932
37029
37059
207915
207965
202950
114693
116496
24174
9740
109552
221609
17483
112598
110481
123542
277911
110826
110910
114744
202298
110982
113717
109503
113065
111840
33454
34284
36411
36761
103448
104671
104647
97458
36576
34763
35091
33214
217076
31316
35485
35538
36646
36647
36372
31551
32019
31764
34545
31251
36942
33558
30921
32543
35212
32591
31250
33863
34874
33570
33906
36829
31720
36376
34941
35955
36394
35671
32572
34765
34764
31767
34585
32734
31721
300654
37074
36653
36655
37090
33912
31763
35248
32463
32713
36374
35176
31590
31765
34257
32564
33663
35503
36648
34965
36656
36652
35344
34615
35384
32583
31084
35892
34771
33638
34975
35072
31880
36657
31420
31719
32589
34986
36255
34206
33732
32494
35571
32592
35125
34423
35031
31081
31083
34418
36182
34282
36943
31814
33093
34176
35987
31080
34253
35265
108293
200813
159144
113946
108915
34388
32300
32615
36140
36480
31953
33004
33596
31399
22664
12566
29147
19474
31748
113180
36795
121328
34799
109833
120041
119331
124016
33751
30965
33207
31804
33813
34348
31500
35423
34770
35938
35259
36969
31904
33014
35684
107110
36964
927818
31472
32423
33488
31530
35283
37022
32372
37018
531949
34673
34932
531937
531946
32087
35290
32596
36980
32453
33270
37088
36204
33321
36265
33722
35309
32725
34827
36974
34136
33137
33599
33910
34184
33022
31090
36691
34368
35077
32424
531948
36947
31919
34726
37045
32339
37087
35943
35032
34402
32990
37007
36963
34098
36446
32889
37012
33375
33291
37039
31329
34834
36951
33298
32491
30997
36955
37020
34686
37094
34903
36294
30976
31373
34261
113366
247563
624550
33356
37003
37005
32181
31434
32009
33061
531939
34389
32373
33387
32462
36809
31000
34527
35303
34701
31671
34355
36959
36381
33580
31163
37083
36902
32997
531943
31287
531938
34569
34791
37070
31068
35398
34318
32499
32239
33035
31317
30979
36944
33721
36078
32031
34616
31473
35521
34813
32080
116537
115053
120579
32262
22490
2856
113331
32714
32156
32263
32316
32371
36886
36913
33411
31492
34538
34539
32557
31092
34857
35183
300772
33019
33623
31259
34181
34478
35355
32448
36047
34466
127586
37064
275968
278295
278960
32603
36327
849153
36315
160074
1258702
1258706
117368
278803
116775
32315
33285
32155
36304
159949
107281
34775
31818
35883
31889
32808
35335
33679
37052
35666
36995
36177
31171
37063
971443
112212
36831
32917
34695
31861
36481
35054
109165
112592
108376
115846
32565
1209790
1206271
3998
276917
1258621
1258598
1258686
1258629
1258622
1258615
1258636
31429
36966
57920
107452
1258698
1258630
1258600
1258603
1258673
117102
33958
1258652
1258641
34514
36370
1258676
1258690
1258631
1258633
1258638
1258695
1258703
1258594
1258623
1258700
1258607
1258589
1258614
1258672
1258599
1258617
1258597
1258595
1258692
1258707
1258696
1258705
1258701
1258596
1258593
1258590
1258632
1258628
1258619
1258675
1258618
1258691
1258704
1258640
1258671
1258708
1258680
1258678
1258687
1258648
203365
119220
674575
102682
34786
34789
34788
34787
35332
34360
35450
112408
249128
111581
1258653
1258642
1258655
1258660
108343
115994
106962
123565
1258605
32716
31070
32045
36432
34890
34976
33565
35557
35789
34295
34417
33332
33507
36613
36275
107740
115374
34307
31497
1172292
32715
300482
32515
33021
37004
37066
37072
34027
37056
35634
34259
34768
32846
33094
33258
35307
234738
30984
102691
91380
534628
114397
116729
116696
107998
278671
115740
15299
111683
2552
116235
112391
31119
116840
542671
760661
169070
113171
113176
33783
208550
1258666
1258684
121880
849658
30936
37010
36215
35018
36982
33876
37055
36324
32605
32406
34037
116801
110253
107133
160681
1530947
98233
120635
108538
109424
31808
32335
32393
36821
36941
300579
33018
37068
36644
34964
37034
34820
37036
34137
31262
35431
34377
34256
37062
36367
32709
32993
31076
36681
31126
31180
33011
33024
34902
34829
33559
31228
31252
31313
35902
34254
36035
35033
1977663
163543
1258659
627562
1078895
1258608
1258670
31203
37037
33553
31372
35331
676813
679227
32746
32685
32905
30986
687084
36328
250521
279249
1258651
1258709
114274
121157
112651
118809
116224
107054
107048
32408
679225
679231
36760
542712
160326
116697
1258647
120861
1169572
197834
160894
109264
113159
176553
158101
111426
113945
113895
125732
113934
114457
108258
107332
204422
277404
279120
89461
106877
19424
278434
115332
276364
277974
277980
114504
15424
116312
111830
108374
113722
115548
228326
202013
198403
202224
205975
206088
231155
208507
212117
211379
277397
36883
35570
36542
35840
34028
35443
35500
34415
34666
32865
36187
32901
114672
114029
247382
114353
35808
110325
31626
33544
36585
1258711
531947
32324
545757
201336
22598
120914
128216
116369
248173
34808
121676
116058
1225837
1225550
111283
108193
544398
544226
170293
120319
31227
1172525
201049
300849
33465
36984
300855
35814
33835
32121
112147
114663
109340
121312
29269
15016
36961
1258689
32317
33924
1258668
300856
1258683
32222
31514
1258679
1258601
33351
33809
33957
1258674
32452
1258635
32759
1258665
1258685
33640
1258677
34794
34896
32318
34800
33218
1258699
36985
31495
32558
1258587
31540
35887
1258602
1258693
36718
36900
1258604
33202
35463
33799
31039
34730
33350
34064
32264
36793
36415
1258697
31760
36289
109275
37017
121244
1258588
110394
124382
107975
117807
276415
121326
34142
31678
33856
36696
34375
111825
34233
31432
36662
36748
36939
33020
33561
35168
37024
111142
1258649
592527
33236
300908
300940
36452
34721
32604
114650
35237
36948
36960
36976
37025
37040
37041
37057
37095
300943
4312349
120845
107166
115749
107321
114791
108144
115838
111584
120783
115499
111431
111678
113363
121356
107607
123234
115818
118849
108003
110353
109877
123200
124194
116484
108189
120844
116431
129334
124219
122152
124033
123315
108562
116812
109063
117117
124400
123126
115604
117964
117169
121148
112372
112882
128627
115602
111618
123563
121170
114843
112858
115624
130947
113815
127094
107285
132179
116880
125486
113783
126791
115535
128797
118134
120405
570479
115547
116584
110274
116594
110064
115454
120042
119535
111919
108257
108938
106713
117479
124786
116867
110277
120035
117369
126343
120465
119265
125266
120339
115598
112491
120876
110428
113422
120311
116231
106586
116744
120495
129725
110078
114593
121400
109544
123577
110285
107796
123028
110281
110343
113511
124010
111615
121830
113041
109828
128632
116413
119530
115643
123545
121234
123857
113985
109660
128436
110037
313463
115017
114834
118154
110038
108566
123276
120448
121093
119473
111782
115195
119242
575543
115793
113040
121921
115956
116608
118007
116910
118983
112531
110284
114215
111125
115567
110894
123851
124983
118931
115492
124636
116131
124119
124083
115396
122542
117165
111559
128899
121711
120367
121357
109624
113993
115859
123141
117321
115746
117164
124465
121511
120308
106826
118081
136043
112555
124844
125421
121364
125567
113137
107154
113108
115563
116502
108497
117163
123791
119289
117087
120728
121144
114730
106575
122094
118078
117561
115123
109024
111373
106828
125030
122957
119042
125556
127301
115738
127666
127736
110684
121276
107132
112805
114161
123756
125566
120672
124635
109488
111178
114547
109515
117523
123221
108234
110314
127813
114513
115170
109545
120853
119496
113971
115554
124181
115156
122466
122527
108136
124658
116826
108853
117315
125023
123237
119350
112679
114626
115852
107267
116220
126239
109209
122590
110386
113383
123716
124780
119702
108845
126498
121384
115802
108016
107527
124418
124962
117940
111769
132114
123203
122543
119026
1529138
117749
121779
123202
118987
112193
109196
119612
114020
116244
117644
115152
121890
108789
114067
117398
116485
108190
114523
125449
107263
113698
121403
120176
112981
114890
114695
109072
120200
107431
112535
113116
115488
119598
121692
114991
124503
126197
120610
123180
114733
117168
106954
116770
120794
123701
123231
122308
115694
115149
122433
113056
122718
106530
112925
122418
115143
118938
125400
114878
107275
122819
125399
121402
111333
107111
115583
114143
107500
122976
122536
122964
111447
122528
113207
126654
127533
125321
111508
110866
940453
119290
114846
112680
113684
115788
123862
111537
120507
115776
115430
116237
122114
110812
129001
108636
107266
115392
130213
127508
120963
111087
119759
114049
121228
112510
121989
109309
119267
108070
122836
124869
110700
114131
122012
119225
121626
114979
118952
118957
111679
114008
114561
119731
122408
118179
121922
120105
106931
119389
110678
117637
116238
117093
116627
121341
117997
110978
121959
107289
106958
129863
126367
120027
122501
106868
109472
119239
118164
127387
114089
136105
128629
116198
120252
111867
114242
125388
120307
107316
120230
115899
110137
118913
115758
116247
122140
124606
106672
122894
127746
114028
112040
32419
31637
35520
4312347
36783
300781
33905
37038
34581
531944
1226813
1220109
33114
36725
112979
971803
31573
34286
108384
115671
109271
1220689
4349323
276751
119268
113931
121217
114976
106555
106686
122797
112876
106564
107319
123529
111089
115800
114956
109191
109199
113147
114755
119252
108488
106563
106549
119524
115760
123254
110622
108868
114360
118166
108992
117922
106987
106994
111221
108888
117328
108814
111332
111229
115193
108822
109316
115106
115213
120076
120509
128769
115362
110340
121526
115457
110771
116446
117974
111126
109431
108019
109428
114139
108029
117939
115478
117064
123968
111402
120007
108237
108253
108256
108887
108372
127433
112810
109561
112659
109541
109180
115434
113036
109642
111692
111693
111671
107889
108307
120581
120751
109701
112654
111595
107789
109160
114300
124493
139275
121625
124527
115684
109073
111511
111493
118789
108332
109318
110120
113743
116239
114934
107252
116956
114393
118085
113251
113569
107282
108606
106596
116776
107665
113603
128444
115654
122313
110980
129161
115747
117659
122377
110041
107623
115950
119320
115597
106799
110054
110070
110073
570357
116368
110150
113800
113023
123144
121001
113859
106568
106848
110000
114166
111230
230837
159044
276564
109267
113183
113184
120572
113173
35005
849206
1258634
32987
33702
110583
300939
36120
277545
1258658
4349295
36244
32312
30999
36189
32906
31598
30994
32757
36701
33795
36069
32331
31162
30961
33095
33194
36004
34292
35552
31010
36935
34912
32397
31591
36312
1258681
300949
300932
31766
31948
36952
37016
31164
36978
300363
35937
37077
300786
37081
35121
300694
34657
37015
31268
4312348
37019
36977
37006
36986
37069
36694
36968
35899
36954
37032
36998
300829
37071
37073
32260
108296
36958
109535
31426
110308
849430
110101
120375
31145
